0.1 1.044
0.127586206897 0.936
0.155172413793 0.864
0.18275862069 0.828
0.210344827586 0.792
0.237931034483 0.768
0.265517241379 0.744
0.293103448276 0.732
0.320689655172 0.72
0.348275862069 0.72
0.375862068966 0.708
0.403448275862 0.708
0.431034482759 0.696
0.458620689655 0.696
0.486206896552 0.684
0.513793103448 0.684
0.541379310345 0.684
0.568965517241 0.684
0.596551724138 0.672
0.624137931034 0.672
0.651724137931 0.672
0.679310344828 0.672
0.706896551724 0.672
0.734482758621 0.672
0.762068965517 0.672
0.789655172414 0.672
0.81724137931 0.66
0.844827586207 0.66
0.872413793103 0.66
0.9 0